[[    0.     0.   396.    28.   500.     0.    24.     0.     0.     8.     0.     0.    68.    16.     0.    20.     0.     0.    48.     0.]
 [    8.     0.    12.     0.     0.    24.     0.     0.     0.     0.     0.     0.    32.     0.     0.    16.     0.    16.    20.     4.]
 [    0.     0.     0.    28.     0.    28.     0.   644.     0.     0.   620.     0.     0.    12.     0.    24.    32.     0.    16.     0.]
 [    0.    12.     0.     0.    28.    24.     0.     0.     0.     4.     0.     0.   744.     0.     0.  1032.     0.     0.   388.     0.]
 [    0.    44.  1016.     0.     0.     0.     0.   540.     0.     0.   524.     0.     0.    52.     0.     0.     0.     0.     8.     0.]
 [    4.     0.     0.     0.    16.     0.     0.    28.     0.    28.    32.     0.     0.     0.    28.    16.    36.    16.     0.     0.]
 [    0.    16.    32.    32.    12.   720.     0.     0.     0.    12.     0.     0.    12.    12.    24.     0.    28.    12.     0.     0.]
 [   16.   416.     0.    16.     0.     0.     4.     0.    16.     4.  1072.     0.     0.   452.     0.    12.    12.     0.     8.     0.]
 [   12.     8.    16.    64.    20.   668.  1044.     0.     0.     0.    20.     0.    28.    16.    20.    48.    52.     0.    12.     4.]
 [    0.     8.    12.     0.    20.     0.     0.     0.    12.     0.    16.     0.     0.     0.   640.     8.     0.   904.     0.    16.]
 [   20.   424.     0.    12.     0.     0.     8.     0.     0.     0.     0.     0.     0.   492.     0.    20.    20.     0.    20.     0.]
 [   20.    12.    20.    44.    20.   460.   820.     8.   856.     4.     8.     0.    36.     0.     0.    76.     0.    16.    16.     0.]
 [    0.     0.    40.     0.    36.    12.     0.     4.     0.    16.    28.     0.     0.     0.     0.     0.     0.    20.   732.    64.]
 [    0.  1060.     0.    24.     0.    20.     0.     0.     0.    12.     0.    24.    36.     0.     0.    20.    28.    32.    16.     0.]
 [   24.    12.    16.    32.    12.     0.     0.    16.     0.     0.    20.    80.    28.    16.     0.    32.    24.     0.    32.     0.]
 [    0.     0.     0.     0.    24.     0.    40.     0.     0.     0.     0.     0.   848.     0.     0.     0.     0.    16.   492.     0.]
 [   20.    12.     0.   152.    36.     0.     0.     0.     0.    12.     0.    28.    32.     0.     0.    80.     0.    28.    20.     0.]
 [    4.     0.     4.    12.     8.     0.     0.     8.     8.     0.     8.     0.     0.     0.   808.     0.     0.     0.     0.     0.]
 [    0.     0.     0.     0.     0.    16.    12.     0.     0.     8.     0.     0.     0.     0.     0.     0.     0.     8.     0.   428.]
 [  608.     0.     8.    16.    12.    12.    12.    16.     0.     0.    12.    12.     0.    16.     4.     8.    20.    12.     0.     0.]]