
[[    0.     0.   396.     0.   500.     0.     0.     0.     0.     0.     0.     0.     0.     0.     0.     0.     0.     0.     0.     0.]
 [    0.     0.     0.     0.     0.     0.     0.     0.     0.     0.     0.     0.     0.     0.     0.     0.     0.     0.     0.     0.]
 [    0.     0.     0.     0.     0.     0.     0.   644.     0.     0.   620.     0.     0.     0.     0.     0.     0.     0.     0.     0.]
 [    0.     0.     0.     0.     0.     0.     0.     0.     0.     0.     0.     0.   744.     0.     0.  1032.     0.     0.   388.     0.]
 [    0.     0.  1016.     0.     0.     0.     0.   540.     0.     0.   524.     0.     0.     0.     0.     0.     0.     0.     0.     0.]
 [    0.     0.     0.    80.     0.     0.     0.     0.     0.     0.     0.     0.     0.     0.     0.     0.     0.     0.     0.     0.]
 [    0.     0.     0.     0.     0.   720.     0.     0.     0.     0.     0.     0.     0.     0.     0.     0.     0.     0.     0.     0.]
 [    0.   416.     0.     0.     0.     0.     0.     0.     0.     0.  1072.     0.     0.   452.     0.     0.     0.     0.     0.     0.]
 [    0.     0.     0.     0.     0.   668.  1044.     0.     0.     0.     0.     0.     0.     0.     0.     0.     0.     0.     0.     0.]
 [    0.     0.     0.     0.     0.     0.     0.     0.     0.     0.     0.     0.     0.     0.   640.     0.     0.   904.     0.     0.]
 [    0.   424.     0.     0.     0.     0.     0.     0.     0.     0.     0.     0.     0.   492.     0.     0.     0.     0.     0.     0.]
 [    0.     0.     0.     0.     0.   460.   820.     0.   856.     0.     0.     0.     0.     0.     0.     0.     0.     0.     0.     0.]
 [    0.     0.     0.     0.     0.     0.     0.     0.     0.     0.     0.     0.     0.     0.     0.     0.     0.     0.   732.     0.]
 [    0.  1060.     0.     0.     0.     0.     0.     0.     0.     0.     0.     0.     0.     0.     0.     0.     0.     0.     0.     0.]
 [    0.     0.     0.     0.     0.     0.     0.     0.     0.     0.     0.    80.     0.     0.     0.     0.     0.     0.     0.     0.]
 [    0.     0.     0.     0.     0.     0.     0.     0.     0.     0.     0.     0.   848.     0.     0.     0.     0.     0.   492.     0.]
 [    0.     0.     0.   152.     0.     0.     0.     0.     0.     0.     0.     0.     0.     0.     0.    80.     0.     0.     0.     0.]
 [    0.     0.     0.     0.     0.     0.     0.     0.     0.     0.     0.     0.     0.     0.   808.     0.     0.     0.     0.     0.]
 [    0.     0.     0.     0.     0.     0.     0.     0.     0.     0.     0.     0.     0.     0.     0.     0.     0.     0.     0.   428.]
 [  608.     0.     0.     0.     0.     0.     0.     0.     0.     0.     0.     0.     0.     0.     0.     0.     0.     0.     0.     0.]]